Boxes: [array([[[[-2.13743365e+02, -4.85478868e+02,  3.05682061e+02,
           5.31534670e+02],
         [-6.28222336e+01, -1.13713822e+01,  1.56452678e+02,
           7.01966357e+01],
         [-7.00753664e+02, -7.99011810e+01,  7.77777040e+02,
           1.24440730e+02]],

        [[ 6.52921110e+01,  1.43688377e+00,  1.14233396e+02,
           2.36524697e+01],
         [ 2.79501974e+01, -2.03937627e+01,  1.59898932e+02,
           5.02826906e+01],
         [ 6.17629106e+01, -8.31889643e+01,  1.02303202e+02,
           1.38551621e+02]],

        [[ 1.20166765e+02,  2.31461495e+01,  1.71676644e+02,
           3.82523882e+01],
         [ 3.39847297e+01, -3.21481177e+01,  2.45335593e+02,
           6.17333839e+01],
         [-5.41077407e+02, -4.37386113e+02,  7.94834201e+02,
           4.95448229e+02]],

        ...,

        [[ 4.37830908e+02, -1.12792212e+02,  6.59360033e+02,
           1.26273767e+02],
         [ 4.40039718e+02, -1.34968536e+02,  6.70734974e+02,
           1.75141946e+02],
         [ 2.09976598e+02, -9.54999414e+01,  8.93879943e+02,
           1.43602841e+02]],

        [[ 5.93951437e+02, -5.68362638e+01,  6.65390215e+02,
           6.35114061e+01],
         [ 2.78489310e+02, -5.74052462e+02,  9.85166445e+02,
           6.36244898e+02],
         [-2.77595671e+02, -9.38113114e+01,  1.55644007e+03,
           1.42963797e+02]],

        [[ 6.39498354e+02, -4.70439806e+00,  6.97499436e+02,
           2.77827376e+01],
         [ 5.84851615e+02, -1.21390551e+02,  7.38385081e+02,
           1.57065247e+02],
         [ 5.50834479e+02, -8.80719897e+02,  8.43449464e+02,
           9.08085223e+02]]],


       [[[-9.03935577e+00, -3.79781784e+01,  2.13612234e+01,
           1.25722453e+02],
         [-7.13921846e+01, -3.68770932e+02,  8.53331069e+01,
           4.73515444e+02],
         [-7.96923593e+02, -4.70702634e+01,  8.09214518e+02,
           1.41035334e+02]],

        [[ 4.85119324e+01, -1.36060353e+01,  1.00238971e+02,
           1.22740441e+02],
         [-7.20767571e+01, -1.45424877e+03,  2.18628785e+02,
           1.58784887e+03],
         [-3.12047695e+02,  3.55141759e+01,  4.57876518e+02,
           9.29182123e+01]],

        [[ 3.83981813e+01, -4.97261975e+01,  2.01661552e+02,
           1.98257337e+02],
         [ 1.17484618e+02,  5.22095221e+00,  1.53153341e+02,
           1.03319155e+02],
         [-1.76400762e+02, -8.77014815e+02,  4.32345205e+02,
           1.01975654e+03]],

        ...,

        [[ 3.52536588e+02,  2.05991397e+01,  7.86018125e+02,
           1.11848122e+02],
         [ 4.55134786e+02, -3.38303468e+02,  6.46964528e+02,
           4.65927774e+02],
         [-3.05464970e+02, -3.27197702e+01,  1.41788365e+03,
           1.52923231e+02]],

        [[ 4.01510047e+02,  4.37431944e+01,  8.79782362e+02,
           6.88347476e+01],
         [ 2.17365034e+02, -6.89142768e+01,  9.92097095e+02,
           1.79415973e+02],
         [ 5.35253216e+02, -1.95002515e+02,  7.44900017e+02,
           2.89759535e+02]],

        [[ 5.56498399e+02,  4.01216791e+00,  8.15958439e+02,
           1.21493693e+02],
         [-1.34915481e+02, -1.77471441e+02,  1.49823045e+03,
           2.90380015e+02],
         [ 6.04421779e+02, -1.64935272e+02,  7.61588533e+02,
           3.07935282e+02]]],


       [[[-1.79617973e+02,  6.82816317e+01,  2.46981437e+02,
           1.27910213e+02],
         [-9.75354175e+01,  3.10467637e+01,  1.48376768e+02,
           1.32924976e+02],
         [-1.96921770e+02, -3.22205375e+02,  2.22756123e+02,
           5.01225184e+02]],

        [[ 6.93352572e+00,  3.05666990e+01,  1.28319427e+02,
           1.47839362e+02],
         [-8.44216289e+01,  3.54242479e+01,  2.65255135e+02,
           1.37893593e+02],
         [-2.95535184e+01, -1.81027649e+02,  2.01491535e+02,
           3.71897820e+02]],

        [[ 2.53889518e+01,  6.77701505e+01,  2.08886349e+02,
           1.11021669e+02],
         [ 5.21836076e+01, -7.89607173e+00,  2.32033614e+02,
           1.89408118e+02],
         [-5.30374455e+01,  6.71080249e+01,  3.02592013e+02,
           1.39665749e+02]],

        ...,

        [[ 5.41289360e+02,  3.95238410e+01,  5.99770390e+02,
           1.32319042e+02],
         [ 4.29666713e+02, -4.97186449e+02,  6.91742584e+02,
           6.82873534e+02],
         [ 5.09540958e+02, -2.27140472e+02,  6.68506902e+02,
           4.37169436e+02]],

        [[ 5.23364962e+02,  6.97376127e+01,  7.20723606e+02,
           1.16584204e+02],
         [ 4.38365646e+02, -9.89704767e+01,  8.27040850e+02,
           3.00415246e+02],
         [ 2.55570392e+02, -1.29055785e+02,  1.00416566e+03,
           3.35550632e+02]],

        [[ 6.10265605e+02,  9.14644047e+01,  7.45259120e+02,
           1.15031088e+02],
         [ 3.06261340e+02, -1.10979220e+02,  1.03670885e+03,
           2.78637135e+02],
         [-9.27825232e+02, -8.92989880e+02,  2.27968209e+03,
           1.10773480e+03]]],


       ...,


       [[[-5.26932887e+01,  3.34948721e+02,  7.22271843e+01,
           5.06818843e+02],
         [-9.43798902e+01,  2.72318396e+02,  1.78026095e+02,
           5.33544927e+02],
         [-2.96586031e+02,  2.12920252e+02,  3.50988290e+02,
           5.85166521e+02]],

        [[-2.13012504e+02,  4.01318328e+02,  4.16836387e+02,
           4.26163790e+02],
         [ 6.24503538e+01,  3.98224099e+02,  7.80660587e+01,
           4.36284132e+02],
         [-2.06147844e+02,  2.61608417e+02,  3.52015241e+02,
           5.46954885e+02]],

        [[ 4.63283369e+01,  2.75522717e+02,  2.31054466e+02,
           5.22903779e+02],
         [-3.17263140e+02,  6.06612069e+01,  6.02444949e+02,
           7.63246830e+02],
         [ 4.56032538e+01, -5.59007866e+01,  2.31887010e+02,
           8.78559740e+02]],

        ...,

        [[ 5.65302503e+02,  3.41460760e+02,  5.92827495e+02,
           4.39379782e+02],
         [ 5.12648526e+02,  2.80200834e+02,  5.89134284e+02,
           5.38821865e+02],
         [ 5.48784892e+01,  3.11163694e+02,  1.10791805e+03,
           4.78611597e+02]],

        [[ 3.23821363e+02,  3.44359702e+02,  8.99622379e+02,
           4.92933195e+02],
         [ 2.08737174e+02,  3.48689799e+02,  1.00542539e+03,
           4.53719587e+02],
         [-9.09306911e+02, -1.00658427e+03,  2.10680759e+03,
           1.80640742e+03]],

        [[ 6.20803886e+02,  3.62192524e+02,  7.08413258e+02,
           4.38794368e+02],
         [ 5.30557857e+02,  3.73572184e+02,  8.16424353e+02,
           4.18966574e+02],
         [-6.35916429e+02,  3.36411157e+02,  1.97091295e+03,
           4.53846271e+02]]],


       [[[-1.03834213e+01,  3.45752582e+02,  4.63937169e+01,
           5.10714364e+02],
         [-1.07531415e+02,  4.26882192e+02,  1.83426289e+02,
           4.78570045e+02],
         [-5.82295139e+02,  3.23760216e+02,  6.37880412e+02,
           5.88707845e+02]],

        [[-3.60450552e+01,  4.29796800e+02,  2.02791731e+02,
           4.76723242e+02],
         [-3.32064481e+02,  3.99439455e+02,  4.98254780e+02,
           5.05853891e+02],
         [-5.68540386e+01,  4.29028029e+02,  2.03597040e+02,
           4.81200427e+02]],

        [[-7.93079117e+00,  4.06357309e+02,  3.02175850e+02,
           4.65590025e+02],
         [-3.35979882e+01,  2.62429595e+02,  2.72507916e+02,
           6.12693189e+02],
         [-1.98322920e+02,  7.08083254e+01,  4.57973361e+02,
           8.15777828e+02]],

        ...,

        [[ 3.69318096e+02,  3.17460445e+02,  7.48509501e+02,
           5.66224582e+02],
         [ 4.66818673e+02,  2.36002397e+02,  6.83385776e+02,
           6.30565033e+02],
         [ 5.17734750e+01,  3.95409259e+02,  1.06274137e+03,
           5.24308463e+02]],

        [[ 5.15191564e+02,  3.63338503e+02,  7.70863896e+02,
           5.10678303e+02],
         [ 5.35254144e+02,  1.74605238e+02,  7.25611928e+02,
           7.05216798e+02],
         [ 5.51884332e+02,  3.07375931e+02,  7.06790750e+02,
           5.91897124e+02]],

        [[ 5.35720476e+02,  3.86599052e+02,  8.40336619e+02,
           5.11380646e+02],
         [ 5.98672548e+02, -2.17011690e+02,  7.71832808e+02,
           1.08363209e+03],
         [ 3.28210624e+02, -3.33901210e+02,  1.02204672e+03,
           1.21879785e+03]]],


       [[[-1.63382088e+02, -1.47620650e+02,  2.00853408e+02,
           1.10295385e+03],
         [-1.03588951e+02,  4.24277004e+02,  1.76662211e+02,
           5.50412646e+02],
         [-1.64729074e+02,  1.82787114e+02,  2.16485108e+02,
           7.56517193e+02]],

        [[ 6.98644698e+01,  4.34468167e+02,  9.30206722e+01,
           5.44709375e+02],
         [-3.41830276e+01,  2.78536106e+02,  1.97006075e+02,
           6.67262363e+02],
         [-5.50835847e+01,  3.12312650e+02,  2.48852523e+02,
           6.31299266e+02]],

        [[ 8.63329791e+01,  4.62364038e+02,  1.77678475e+02,
           4.87527441e+02],
         [-7.34981939e+01,  3.82320919e+02,  3.09870462e+02,
           5.66580543e+02],
         [-2.44414995e+02,  4.23897185e+02,  5.54611533e+02,
           5.44283009e+02]],

        ...,

        [[ 5.30463231e+02,  4.16354793e+02,  5.83359635e+02,
           5.59692546e+02],
         [ 4.15983973e+02,  4.22321452e+02,  6.95849603e+02,
           5.30432199e+02],
         [ 1.49131351e+02,  3.85547725e+02,  9.98085290e+02,
           5.61080104e+02]],

        [[ 5.66280138e+02,  3.90640996e+02,  6.47266890e+02,
           5.81688247e+02],
         [ 5.28057984e+02,  1.73895525e+02,  6.82243290e+02,
           7.68520215e+02],
         [ 1.80090699e+02,  3.45975515e+02,  1.08907173e+03,
           6.38984587e+02]],

        [[ 5.61142819e+02,  3.07685110e+02,  7.48124593e+02,
           6.41890468e+02],
         [ 5.80033260e+02,  2.88627445e+02,  7.62480440e+02,
           6.47683922e+02],
         [ 3.58437752e+02,  2.46899004e+02,  9.55713550e+02,
           7.08803200e+02]]]]), array([[[[-1.23432804e+01, -3.22999818e+02,  2.20307323e+01,
           3.46429534e+02],
         [-1.80604912e+01, -7.11557928e+00,  3.29117181e+01,
           3.76250584e+01],
         [-1.60588925e+02, -1.42683911e+02,  1.73612755e+02,
           1.73506691e+02]],

        [[ 5.38709951e+00, -3.16881979e+01,  8.44532814e+01,
           4.85442924e+01],
         [-5.27986941e+01, -1.11709321e+02,  1.25877257e+02,
           1.27302843e+02],
         [ 1.23897560e+01, -1.48702964e+02,  7.84569509e+01,
           1.74148699e+02]],

        [[ 2.79954498e+01, -2.07293614e+01,  9.14305551e+01,
           3.03987484e+01],
         [-6.44492099e+02, -2.69829684e+01,  7.74095162e+02,
           6.21011835e+01],
         [-5.74097330e+00, -1.19757415e+01,  1.20884834e+02,
           2.81433025e+01]],

        ...,

        [[ 6.27706651e+02,  1.68377492e+00,  6.52381305e+02,
           2.03113069e+01],
         [ 5.31009029e+02,  8.80080959e+00,  7.19682073e+02,
           1.98501047e+01],
         [ 4.80008783e+02, -2.06666526e+02,  7.72034427e+02,
           2.28555388e+02]],

        [[ 6.41193401e+02,  3.63512426e+00,  6.62030745e+02,
           2.26563927e+01],
         [ 6.04089633e+02, -1.64179067e+01,  7.24381073e+02,
           3.39148931e+01],
         [ 6.12595932e+02, -3.07906733e+01,  6.96568759e+02,
           5.19845744e+01]],

        [[ 5.67487647e+02, -4.45610793e+01,  7.83143090e+02,
           7.73456673e+01],
         [ 6.40015586e+02,  4.64337356e+00,  7.13598701e+02,
           1.24655062e+01],
         [ 6.62228058e+02, -6.87055483e+01,  6.95020578e+02,
           7.26777124e+01]]],


       [[[-5.87738813e+01, -1.36167683e+00,  9.50523121e+01,
           5.55689635e+01],
         [-6.54895487e+01, -1.63022815e+01,  9.72317097e+01,
           5.99152376e+01],
         [-1.28871209e+02,  5.12240715e+00,  1.49190078e+02,
           4.72652220e+01]],

        [[ 8.24323624e+00, -1.37987046e+01,  7.03180854e+01,
           6.82142318e+01],
         [-1.87737221e+02, -6.02527450e-01,  2.52348683e+02,
           5.55286506e+01],
         [-1.30946439e+02, -3.59962008e+02,  2.15687360e+02,
           4.20925934e+02]],

        [[ 9.13079975e+00, -9.01585295e+01,  1.38793846e+02,
           1.48592218e+02],
         [ 6.85830577e+01, -5.92864727e+01,  7.48761882e+01,
           1.26906095e+02],
         [ 1.26196374e-01, -1.10940874e+02,  1.21335269e+02,
           1.62251663e+02]],

        ...,

        [[ 5.99499302e+02, -6.29846409e+00,  6.81226391e+02,
           6.00828973e+01],
         [ 6.07895671e+02,  2.74635633e+01,  6.52260809e+02,
           3.34198420e+01],
         [ 5.91621204e+02, -4.80223808e+01,  6.86566856e+02,
           1.08636326e+02]],

        [[ 6.54716377e+02,  5.59013193e+00,  6.83997724e+02,
           5.60805595e+01],
         [ 5.08999874e+02, -1.33880934e+02,  8.02902978e+02,
           1.92129385e+02],
         [ 5.96051438e+02, -9.91546497e+01,  7.39932242e+02,
           1.46617965e+02]],

        [[ 6.70757047e+02, -2.12436279e+01,  7.00480430e+02,
           7.57032998e+01],
         [ 6.65115913e+02, -4.91732730e+01,  7.31076719e+02,
           1.05184351e+02],
         [ 6.76946521e+02, -3.94521186e+01,  7.13530178e+02,
           9.94622854e+01]]],


       [[[-1.75556771e+01,  1.45805225e+01,  3.74413930e+01,
           8.74305059e+01],
         [-3.40065750e+01, -1.19598756e+01,  6.34856647e+01,
           1.04771189e+02],
         [-3.12967594e+02, -1.78969831e+02,  3.47549915e+02,
           2.72909663e+02]],

        [[-2.11183779e+01,  2.95006535e+01,  9.21753314e+01,
           6.09823733e+01],
         [-1.48446272e+01,  2.40127300e+01,  7.97409039e+01,
           7.00672530e+01],
         [ 2.72010640e+01, -1.70445809e+02,  7.52578589e+01,
           2.67629516e+02]],

        [[ 5.67455177e+01,  5.71204185e-01,  8.27840614e+01,
           9.56212483e+01],
         [ 5.91517770e+01,  1.69403479e+00,  8.15436951e+01,
           1.02666902e+02],
         [-3.11003393e+02, -1.83504923e+02,  4.44478608e+02,
           2.80847653e+02]],

        ...,

        [[ 5.96801262e+02, -3.17147380e+01,  6.76821435e+02,
           1.34518595e+02],
         [ 5.82051803e+02,  1.01376037e+01,  6.91926864e+02,
           8.27081612e+01],
         [ 6.01349429e+02, -4.42383857e+01,  6.73131766e+02,
           1.35467625e+02]],

        [[ 6.33013451e+02,  2.83817337e+01,  6.86960857e+02,
           7.22228058e+01],
         [ 6.38653111e+02,  2.19164960e+01,  6.80439312e+02,
           8.10770802e+01],
         [ 6.54544434e+02, -8.76000775e+01,  6.84399475e+02,
           1.84822508e+02]],

        [[ 6.48588709e+02, -4.07741536e+01,  7.21774348e+02,
           1.34449791e+02],
         [ 6.25502625e+02,  5.83308962e+00,  7.38707900e+02,
           1.01238423e+02],
         [ 5.46856659e+02,  1.09594358e+01,  8.18773901e+02,
           9.21127294e+01]]],


       ...,


       [[[-3.04891764e+01,  4.44880687e+02,  5.21836056e+01,
           4.67771991e+02],
         [-7.16632723e+00,  3.36063165e+02,  2.69590496e+01,
           5.56044318e+02],
         [-1.10723029e+01,  3.93646705e+02,  2.20218640e+01,
           5.20631306e+02]],

        [[-1.48520853e+02,  4.13965030e+02,  2.25194060e+02,
           5.02492831e+02],
         [ 2.53393207e+01,  4.39571874e+02,  5.10944988e+01,
           4.64812672e+02],
         [ 2.94330980e+01,  4.25786951e+02,  4.75782965e+01,
           4.72658682e+02]],

        [[ 2.77058310e+01,  3.90935963e+02,  1.21046613e+02,
           5.20269614e+02],
         [ 1.72285344e+01,  3.96785518e+02,  1.21574432e+02,
           4.95333521e+02],
         [-7.51651205e+01,  3.96601720e+02,  2.14925391e+02,
           5.02964866e+02]],

        ...,

        [[ 6.06759090e+02,  3.10388460e+02,  6.69089889e+02,
           5.80963625e+02],
         [ 5.68114283e+02,  4.15248688e+02,  6.81316097e+02,
           4.84337882e+02],
         [ 5.83422866e+02,  4.31293463e+02,  6.72631748e+02,
           4.79404889e+02]],

        [[ 5.64950430e+02,  3.90163349e+02,  7.50250782e+02,
           5.10281447e+02],
         [ 5.59209108e+02,  4.31303879e+02,  7.64356309e+02,
           4.63274803e+02],
         [ 6.08111683e+02,  3.79686868e+02,  6.92857751e+02,
           5.28540507e+02]],

        [[ 6.36426964e+02,  3.44385407e+02,  7.31400009e+02,
           5.54735136e+02],
         [ 5.33239141e+02,  4.38810573e+02,  8.51698312e+02,
           4.61617017e+02],
         [ 6.52889516e+02,  4.15795058e+02,  7.00787987e+02,
           4.92135999e+02]]],


       [[[ 2.06471658e+00,  4.45513105e+02,  2.00969327e+01,
           4.95065534e+02],
         [-1.95492599e+02,  3.90872867e+02,  2.27637407e+02,
           5.42910378e+02],
         [-1.11462545e+02,  2.00462431e+02,  1.53601615e+02,
           7.46727480e+02]],

        [[ 3.42752000e+01,  4.69094213e+02,  5.55844480e+01,
           4.88957119e+02],
         [-4.82202163e+01,  4.64862171e+02,  1.33262684e+02,
           4.83604367e+02],
         [ 3.10872706e+01,  3.86825335e+02,  6.52151261e+01,
           5.66448917e+02]],

        [[ 7.19743106e+01,  4.30582249e+02,  8.18867537e+01,
           4.98547658e+02],
         [-9.72401549e+01,  4.40077319e+02,  2.18180445e+02,
           5.06152170e+02],
         [ 1.67988691e+01,  4.29031547e+02,  1.36909572e+02,
           5.03976616e+02]],

        ...,

        [[ 6.22275832e+02,  4.35964945e+02,  6.67217471e+02,
           5.05756167e+02],
         [ 6.04542747e+02,  4.45440614e+02,  6.54313269e+02,
           4.83656981e+02],
         [-2.76630016e+02,  4.28364046e+02,  1.53211640e+03,
           5.07172323e+02]],

        [[ 6.36342585e+02,  4.43018285e+02,  6.88083296e+02,
           5.08013313e+02],
         [ 6.43036475e+02,  4.66817796e+02,  6.75470364e+02,
           4.83648711e+02],
         [ 6.19884462e+02,  4.26613579e+02,  6.96037736e+02,
           5.14541921e+02]],

        [[ 6.79331061e+02,  2.98668811e+02,  7.11203962e+02,
           6.58277278e+02],
         [ 6.62529467e+02,  4.41133719e+02,  7.18620286e+02,
           4.87841077e+02],
         [ 6.41336608e+02,  3.44952718e+02,  7.45473100e+02,
           6.03302289e+02]]],


       [[[ 3.93383765e+00,  4.74950034e+02,  1.58192719e+01,
           5.09743937e+02],
         [-5.40098012e+01,  4.39190450e+02,  7.15095405e+01,
           5.30007767e+02],
         [-1.62357284e+02,  4.25956376e+02,  1.94689073e+02,
           5.64271908e+02]],

        [[ 1.49891504e+01,  3.84826776e+02,  6.36923112e+01,
           5.96145353e+02],
         [-2.14692972e+02,  2.11994213e+02,  2.85345087e+02,
           7.53837557e+02],
         [ 2.66246605e+01,  3.91799900e+02,  6.98061123e+01,
           5.83538278e+02]],

        [[ 4.84433230e+01,  4.71593869e+02,  8.80626740e+01,
           5.10286014e+02],
         [ 4.93413426e+01,  4.51156330e+02,  1.08130725e+02,
           5.20207367e+02],
         [ 3.98417590e+00,  4.01587380e+02,  1.22921043e+02,
           5.68105706e+02]],

        ...,

        [[ 5.72994883e+02,  4.87283465e+02,  7.10632642e+02,
           5.02509576e+02],
         [ 4.12337872e+02,  4.64834062e+02,  8.55767488e+02,
           5.15619300e+02],
         [ 5.59912872e+02,  4.73619464e+02,  7.00561370e+02,
           5.06501863e+02]],

        [[ 6.29185507e+02,  4.02037639e+02,  7.09398984e+02,
           5.90358969e+02],
         [ 6.38551386e+02,  3.82883128e+02,  6.71346417e+02,
           5.91287863e+02],
         [ 2.38166293e+02,  4.03397773e+02,  1.07581079e+03,
           5.75934002e+02]],

        [[ 6.68829175e+02,  4.87753124e+02,  6.82031480e+02,
           5.03135980e+02],
         [ 4.34438370e+02,  4.78337823e+02,  9.46316108e+02,
           5.09664332e+02],
         [ 6.22075514e+02,  4.82103466e+02,  7.35368626e+02,
           4.95580409e+02]]]]), array([[[[-2.69962831e+00, -7.76450289e-01,  1.24050569e+01,
           2.78936573e+00],
         [-4.22907727e+00, -1.06544368e+01,  1.17677684e+01,
           2.57860099e+01],
         [-7.89233952e+01, -2.81791298e+00,  8.90320793e+01,
           1.29705044e+01]],

        [[-8.35237074e+00, -7.84356563e-01,  5.35999869e+01,
           8.30923276e+00],
         [-1.02713513e+01, -6.63587440e+01,  4.66140493e+01,
           7.94877676e+01],
         [-1.39678726e+02,  3.87500453e+00,  1.82814754e+02,
           1.37804174e+01]],

        [[ 2.52075094e+01,  2.04351679e+00,  4.40593767e+01,
           3.93782979e+00],
         [ 3.01371994e+01, -7.14590989e+00,  4.53450571e+01,
           1.76219154e+01],
         [ 2.77976703e+01, -3.59635212e+00,  3.61328070e+01,
           1.43104545e+01]],

        ...,

        [[ 6.55949473e+02,  3.49031203e+00,  6.72356487e+02,
           5.12430506e+00],
         [ 6.46455922e+02, -2.60940499e+01,  6.81634962e+02,
           3.29532508e+01],
         [ 6.03679428e+02,  3.05039847e+00,  7.36501362e+02,
           1.20881339e+01]],

        [[ 6.71831226e+02,  8.08109378e-01,  6.84429924e+02,
           6.05102428e+00],
         [ 6.74480022e+02, -2.00980737e+01,  6.92528145e+02,
           2.59487154e+01],
         [ 6.63157492e+02, -2.89287261e+01,  6.97126745e+02,
           4.09771580e+01]],

        [[ 6.85436204e+02,  2.27566512e+00,  6.95714729e+02,
           6.46377023e+00],
         [ 6.83821852e+02, -6.08826787e+00,  7.04769015e+02,
           1.36160460e+01],
         [ 6.71583360e+02, -3.91837838e+01,  7.09785534e+02,
           5.11197120e+01]]],


       [[[-1.26664876e+00,  1.32242610e+01,  9.11996814e+00,
           1.88226552e+01],
         [-8.37782405e+00, -2.03690770e+01,  1.58264143e+01,
           4.86274177e+01],
         [-7.55305366e+01, -2.18285425e+02,  8.79706005e+01,
           2.48333248e+02]],

        [[ 1.21648074e+01,  1.00642378e+00,  1.78675932e+01,
           2.76446419e+01],
         [ 4.19425332e+00,  1.41107662e+00,  4.02664734e+01,
           2.22690377e+01],
         [-7.86571588e+01, -4.04367729e+01,  1.12184037e+02,
           7.14540257e+01]],

        [[ 2.93927153e+01,  1.11583489e+01,  4.08507133e+01,
           2.19770966e+01],
         [-1.24362708e+02, -9.97961529e-02,  1.90836969e+02,
           2.25063423e+01],
         [-4.51702535e+01,  4.09547443e+00,  1.01709240e+02,
           2.00439595e+01]],

        ...,

        [[ 6.62083906e+02,  1.48892974e+01,  6.79681114e+02,
           2.03062353e+01],
         [ 6.56616394e+02, -6.46472059e+00,  6.73211550e+02,
           3.43276283e+01],
         [ 6.13316677e+02,  5.52571169e+00,  7.19153847e+02,
           2.00278741e+01]],

        [[ 6.78880049e+02,  1.36872724e+01,  6.81411325e+02,
           1.90016321e+01],
         [ 6.76777273e+02, -1.82869510e+01,  6.91129082e+02,
           5.31380156e+01],
         [ 6.27227884e+02,  1.00972249e+01,  7.32501357e+02,
           1.16699109e+01]],

        [[ 6.66089746e+02, -1.71689238e+01,  7.09645359e+02,
           5.10407870e+01],
         [ 6.66194553e+02, -3.84491682e+01,  7.20252567e+02,
           7.18304743e+01],
         [ 6.24927537e+02,  6.56248497e+00,  7.66775470e+02,
           1.83340332e+01]]],


       [[[ 2.72698738e+00,  2.22105667e+01,  6.75662698e+00,
           2.92082564e+01],
         [-2.79094950e+00,  8.63489817e+00,  1.23489510e+01,
           3.34993557e+01],
         [-3.61593953e+01,  2.02693603e+01,  5.56959327e+01,
           3.52978993e+01]],

        [[ 1.90590645e+01,  1.80811648e+01,  3.00936701e+01,
           2.79921659e+01],
         [ 1.99444861e+01,  1.18425760e+01,  2.93648262e+01,
           3.35641392e+01],
         [-1.37388908e+01,  2.87817067e+00,  4.95310692e+01,
           4.09900322e+01]],

        [[-3.88790663e+00, -7.61702774e+00,  6.74531723e+01,
           6.16747540e+01],
         [ 3.25078677e+01, -1.12430141e+01,  3.71301442e+01,
           6.32991482e+01],
         [-4.21730418e+01,  2.11388607e+01,  1.16143320e+02,
           2.26460621e+01]],

        ...,

        [[ 6.52424308e+02,  1.68771786e+01,  6.72903262e+02,
           2.44550701e+01],
         [ 6.48128678e+02, -2.18793947e+01,  6.81878752e+02,
           6.94055592e+01],
         [ 6.39691017e+02,  1.82996187e+01,  6.81489147e+02,
           3.29804228e+01]],

        [[ 6.71695051e+02,  2.07281687e+01,  6.96262297e+02,
           3.29762147e+01],
         [ 6.65596979e+02,  1.05645464e+01,  6.90585712e+02,
           3.88768965e+01],
         [ 6.56275544e+02, -1.72084614e+01,  7.01889118e+02,
           6.14123367e+01]],

        [[ 6.76483622e+02,  1.69439617e+01,  7.03871698e+02,
           3.67197172e+01],
         [ 6.93044314e+02,  1.51433757e+01,  6.95347652e+02,
           3.74414681e+01],
         [ 4.95140403e+02, -7.31289682e-01,  8.89946910e+02,
           4.76562303e+01]]],


       ...,


       [[[-2.18328972e+01,  4.68461314e+02,  3.77252330e+01,
           4.75149138e+02],
         [ 9.20146141e+00,  4.64491329e+02,  1.21914645e+01,
           4.90078661e+02],
         [-4.09480149e+00,  4.73722838e+02,  1.91902342e+01,
           4.80341736e+02]],

        [[ 1.67565915e+01,  4.67523652e+02,  2.23723264e+01,
           4.75513861e+02],
         [ 2.46255624e+01,  4.65365281e+02,  2.61361186e+01,
           4.88471065e+02],
         [-2.67105856e+01,  4.68140660e+02,  7.05532208e+01,
           4.86235275e+02]],

        [[ 2.64795684e+01,  4.68689685e+02,  3.41590321e+01,
           4.86215595e+02],
         [ 2.53574557e+01,  4.72188997e+02,  3.92828941e+01,
           4.76018107e+02],
         [ 2.44901597e+01,  4.41739763e+02,  4.45270299e+01,
           5.16154772e+02]],

        ...,

        [[ 6.57050070e+02,  4.65416787e+02,  6.78410193e+02,
           4.81511941e+02],
         [ 6.63972701e+02,  4.69145975e+02,  6.71458722e+02,
           4.86627965e+02],
         [ 6.32749547e+02,  4.32267954e+02,  7.02838930e+02,
           5.23535289e+02]],

        [[ 6.54028757e+02,  4.71540687e+02,  7.08080713e+02,
           4.81043115e+02],
         [ 6.73486054e+02,  4.65166784e+02,  6.87953467e+02,
           4.93067367e+02],
         [ 6.73857873e+02,  4.68613303e+02,  6.89478263e+02,
           4.85846879e+02]],

        [[ 6.87896326e+02,  4.64949894e+02,  6.99250845e+02,
           4.89509274e+02],
         [ 6.88187349e+02,  4.75546683e+02,  7.08617499e+02,
           4.78368394e+02],
         [ 5.83316189e+02,  4.45231290e+02,  7.99962254e+02,
           5.06496614e+02]]],


       [[[-4.97439064e+00,  4.77869660e+02,  8.92111410e+00,
           4.89047874e+02],
         [ 4.60742879e+00,  4.69508585e+02,  1.51975827e+01,
           5.05579379e+02],
         [-1.97203823e+00,  4.77202292e+02,  1.60984899e+01,
           4.88223726e+02]],

        [[ 1.68800222e+01,  4.82158608e+02,  2.64297755e+01,
           4.88335362e+02],
         [ 2.16351355e+01,  4.64830471e+02,  2.80787266e+01,
           4.99425374e+02],
         [ 8.82049310e-01,  4.70211115e+02,  4.25545297e+01,
           5.00403040e+02]],

        [[ 2.64821646e+01,  4.64176843e+02,  4.53474315e+01,
           5.08536549e+02],
         [ 1.94322416e+01,  4.75526105e+02,  5.85507300e+01,
           4.90928806e+02],
         [ 4.85288950e+00,  4.73777309e+02,  6.87413512e+01,
           5.00076220e+02]],

        ...,

        [[ 6.52006440e+02,  4.83485427e+02,  6.81468566e+02,
           4.93647024e+02],
         [ 6.58306598e+02,  4.78931685e+02,  6.70164673e+02,
           4.97224935e+02],
         [ 6.50023377e+02,  4.48001730e+02,  6.86309909e+02,
           5.25766374e+02]],

        [[ 6.70955198e+02,  4.77643694e+02,  6.81833509e+02,
           5.02374081e+02],
         [ 6.01950648e+02,  4.59869505e+02,  7.66761445e+02,
           5.07784868e+02],
         [ 6.69212946e+02,  4.43429703e+02,  6.94003816e+02,
           5.23590551e+02]],

        [[ 6.86050847e+02,  4.77471720e+02,  6.95873339e+02,
           4.90001914e+02],
         [ 6.85640395e+02,  4.71129882e+02,  7.03050289e+02,
           5.06376499e+02],
         [ 6.63011410e+02,  4.78351136e+02,  7.23556123e+02,
           4.93176741e+02]]],


       [[[ 6.91653128e+00,  4.96430922e+02,  1.23934901e+01,
           4.98834526e+02],
         [-6.48466485e+00,  3.73836879e+02,  2.25955444e+01,
           6.18051204e+02],
         [-6.32597786e+00,  4.92234155e+02,  2.79918213e+01,
           5.03824336e+02]],

        [[ 1.51777611e+01,  4.88717610e+02,  2.38600389e+01,
           4.92853589e+02],
         [-2.17110983e+01,  4.76536717e+02,  5.75322415e+01,
           5.17292655e+02],
         [ 4.35794704e+00,  4.65110380e+02,  3.17791364e+01,
           5.30923230e+02]],

        [[ 2.60606885e+01,  4.91503408e+02,  3.35164388e+01,
           4.96892285e+02],
         [ 2.60834621e+01,  4.81436933e+02,  3.76577407e+01,
           5.10562420e+02],
         [-5.32887898e+01,  4.55774522e+02,  1.12836354e+02,
           5.31320302e+02]],

        ...,

        [[ 6.53191266e+02,  4.86964573e+02,  6.84945857e+02,
           5.06109718e+02],
         [ 6.59794034e+02,  4.47516691e+02,  6.67301743e+02,
           5.39827012e+02],
         [ 6.70065191e+02,  4.62472954e+02,  6.72120962e+02,
           5.21156795e+02]],

        [[ 6.66544348e+02,  4.95615017e+02,  6.86152035e+02,
           5.02489807e+02],
         [ 6.73397701e+02,  4.50779277e+02,  6.87166180e+02,
           5.38983875e+02],
         [ 6.54557082e+02,  4.89218584e+02,  7.04792901e+02,
           4.96909872e+02]],

        [[ 6.76849818e+02,  4.46289490e+02,  7.00081017e+02,
           5.41566130e+02],
         [ 6.66112867e+02,  4.81296831e+02,  7.28887543e+02,
           5.01093787e+02],
         [ 6.29818872e+02,  4.58019128e+02,  7.50570597e+02,
           5.32394185e+02]]]])]
Box confidences: [array([[[[0.86617546],
         [0.74162884],
         [0.26226237]],

        [[0.64802734],
         [0.39152115],
         [0.56706942]],

        [[0.34072696],
         [0.45547101],
         [0.34153444]],

        [[0.44666205],
         [0.262572  ],
         [0.37014241]],

        [[0.84713504],
         [0.62234141],
         [0.80099399]],

        [[0.63204692],
         [0.22225154],
         [0.60745776]],

        [[0.42991551],
         [0.62892257],
         [0.27024865]],

        [[0.13649624],
         [0.5684835 ],
         [0.85842166]],

        [[0.55972768],
         [0.66019068],
         [0.26765379]],

        [[0.31179164],
         [0.52643399],
         [0.58668206]],

        [[0.65430665],
         [0.15951403],
         [0.19679306]],

        [[0.82039166],
         [0.78459472],
         [0.35731975]],

        [[0.16331101],
         [0.27280067],
         [0.55859565]]],


       [[[0.53095029],
         [0.5376034 ],
         [0.36994852]],

        [[0.73037147],
         [0.3927126 ],
         [0.22651505]],

        [[0.60189926],
         [0.55410401],
         [0.30729371]],

        [[0.3283042 ],
         [0.29103935],
         [0.58496474]],

        [[0.42261463],
         [0.55258922],
         [0.54120212]],

        [[0.27114084],
         [0.53657486],
         [0.13962468]],

        [[0.10775007],
         [0.24474458],
         [0.54566272]],

        [[0.18797752],
         [0.5639366 ],
         [0.54809639]],

        [[0.54381555],
         [0.38371949],
         [0.30236281]],

        [[0.37654126],
         [0.87286758],
         [0.5532293 ]],

        [[0.55692175],
         [0.25209584],
         [0.4434579 ]],

        [[0.55018346],
         [0.35734339],
         [0.47569268]],

        [[0.80316601],
         [0.41290829],
         [0.45240669]]],


       [[[0.54832549],
         [0.71418418],
         [0.66137774]],

        [[0.78510723],
         [0.3901591 ],
         [0.72585262]],

        [[0.85173755],
         [0.54902199],
         [0.85755223]],

        [[0.72644321],
         [0.50439894],
         [0.2977895 ]],

        [[0.55961704],
         [0.43061506],
         [0.66765909]],

        [[0.31330221],
         [0.69549415],
         [0.43260219]],

        [[0.55482824],
         [0.57067082],
         [0.35383183]],

        [[0.34209567],
         [0.6188818 ],
         [0.46899404]],

        [[0.350654  ],
         [0.28204383],
         [0.88440645]],

        [[0.52073278],
         [0.67400516],
         [0.68290813]],

        [[0.86193741],
         [0.69262823],
         [0.16873013]],

        [[0.65337283],
         [0.89394894],
         [0.41927136]],

        [[0.1811481 ],
         [0.35472754],
         [0.39219516]]],


       [[[0.60625516],
         [0.57020522],
         [0.7098158 ]],

        [[0.48680408],
         [0.34834892],
         [0.46739815]],

        [[0.76110949],
         [0.34646216],
         [0.43242026]],

        [[0.25596926],
         [0.42208352],
         [0.27331004]],

        [[0.90701966],
         [0.57981662],
         [0.17154579]],

        [[0.85757102],
         [0.40159843],
         [0.37415151]],

        [[0.42410921],
         [0.55072062],
         [0.48815285]],

        [[0.26012936],
         [0.68586275],
         [0.64930358]],

        [[0.48311025],
         [0.75352261],
         [0.55755409]],

        [[0.41886695],
         [0.71677761],
         [0.29594269]],

        [[0.29959466],
         [0.43450486],
         [0.43804174]],

        [[0.74929089],
         [0.42216137],
         [0.7760534 ]],

        [[0.62107212],
         [0.6109588 ],
         [0.18089371]]],


       [[[0.43750242],
         [0.34495348],
         [0.67939819]],

        [[0.43598775],
         [0.47262764],
         [0.13296935]],

        [[0.66810957],
         [0.49921415],
         [0.54968364]],

        [[0.6904565 ],
         [0.20079092],
         [0.64638352]],

        [[0.34781672],
         [0.43213087],
         [0.27398391]],

        [[0.37337463],
         [0.75474776],
         [0.34893456]],

        [[0.26060006],
         [0.8559548 ],
         [0.90387326]],

        [[0.66447873],
         [0.67128499],
         [0.19203737]],

        [[0.30917254],
         [0.53616228],
         [0.58667454]],

        [[0.72325548],
         [0.39364201],
         [0.23089022]],

        [[0.08462311],
         [0.45036438],
         [0.1577256 ]],

        [[0.42138254],
         [0.18349312],
         [0.73427941]],

        [[0.36306987],
         [0.33659925],
         [0.24801233]]],


       [[[0.55230458],
         [0.50099286],
         [0.62996192]],

        [[0.78162903],
         [0.33667321],
         [0.65571791]],

        [[0.47689424],
         [0.74736259],
         [0.23781446]],

        [[0.17999022],
         [0.15645532],
         [0.32925026]],

        [[0.59058851],
         [0.64654676],
         [0.60830022]],

        [[0.22358965],
         [0.11930651],
         [0.13988014]],

        [[0.3726541 ],
         [0.53369541],
         [0.43227473]],

        [[0.45313386],
         [0.80821513],
         [0.29433292]],

        [[0.48982362],
         [0.19388297],
         [0.59222549]],

        [[0.613723  ],
         [0.4970964 ],
         [0.58658136]],

        [[0.83442597],
         [0.4268295 ],
         [0.65223358]],

        [[0.26704588],
         [0.6719037 ],
         [0.79289153]],

        [[0.57900478],
         [0.72604863],
         [0.26786329]]],


       [[[0.3733674 ],
         [0.58489876],
         [0.64629385]],

        [[0.43025017],
         [0.16166806],
         [0.4335266 ]],

        [[0.42668572],
         [0.62148096],
         [0.07643929]],

        [[0.59550133],
         [0.74067759],
         [0.37184077]],

        [[0.80077949],
         [0.83235564],
         [0.42593382]],

        [[0.3357891 ],
         [0.39177693],
         [0.14213918]],

        [[0.31149309],
         [0.3148564 ],
         [0.55945252]],

        [[0.56205785],
         [0.42257204],
         [0.27730459]],

        [[0.54397685],
         [0.66362488],
         [0.39607195]],

        [[0.60557986],
         [0.39857014],
         [0.17693763]],

        [[0.59299158],
         [0.81598897],
         [0.44047404]],

        [[0.60458569],
         [0.40274764],
         [0.63222552]],

        [[0.31411997],
         [0.53354093],
         [0.76795508]]],


       [[[0.40797169],
         [0.80445071],
         [0.16376465]],

        [[0.78680417],
         [0.41125437],
         [0.73322759]],

        [[0.68286744],
         [0.53364272],
         [0.51697531]],

        [[0.46238578],
         [0.42298996],
         [0.43327093]],

        [[0.55774373],
         [0.36973285],
         [0.7640576 ]],

        [[0.69184017],
         [0.47263146],
         [0.45655266]],

        [[0.23907304],
         [0.33663048],
         [0.76706651]],

        [[0.47346021],
         [0.39474429],
         [0.54607372]],

        [[0.43694959],
         [0.29590314],
         [0.19060516]],

        [[0.30727682],
         [0.47293672],
         [0.66118755]],

        [[0.27022589],
         [0.70231413],
         [0.52396495]],

        [[0.38092167],
         [0.16986115],
         [0.76239017]],

        [[0.54294022],
         [0.64952845],
         [0.11768633]]],


       [[[0.24350383],
         [0.79025539],
         [0.07099478]],

        [[0.26799629],
         [0.85870789],
         [0.56860166]],

        [[0.60350159],
         [0.76970903],
         [0.43193172]],

        [[0.4265767 ],
         [0.14290981],
         [0.28010205]],

        [[0.68056029],
         [0.39988546],
         [0.63109743]],

        [[0.59002391],
         [0.63708915],
         [0.26209751]],

        [[0.59309554],
         [0.47156204],
         [0.088353  ]],

        [[0.49949765],
         [0.34571651],
         [0.42007284]],

        [[0.54804863],
         [0.7036899 ],
         [0.43605914]],

        [[0.5388137 ],
         [0.69355177],
         [0.62799487]],

        [[0.5503746 ],
         [0.46958997],
         [0.64576135]],

        [[0.20198897],
         [0.15368175],
         [0.616005  ]],

        [[0.40097008],
         [0.60056637],
         [0.7668186 ]]],


       [[[0.89306107],
         [0.66889327],
         [0.50759916]],

        [[0.53486997],
         [0.6461805 ],
         [0.85222442]],

        [[0.53938388],
         [0.739371  ],
         [0.33234497]],

        [[0.45727516],
         [0.1678881 ],
         [0.8786481 ]],

        [[0.49202773],
         [0.15499961],
         [0.71431713]],

        [[0.34020521],
         [0.35804976],
         [0.24371192]],

        [[0.51969612],
         [0.81557985],
         [0.25245437]],

        [[0.75147812],
         [0.50615224],
         [0.72392686]],

        [[0.16853581],
         [0.42790795],
         [0.31972177]],

        [[0.32904346],
         [0.12269241],
         [0.57954865]],

        [[0.2995191 ],
         [0.3363678 ],
         [0.67768328]],

        [[0.15437209],
         [0.8416482 ],
         [0.67849731]],

        [[0.52785655],
         [0.35524206],
         [0.3313793 ]]],


       [[[0.59514879],
         [0.49107046],
         [0.59781503]],

        [[0.60764644],
         [0.68587501],
         [0.35342464]],

        [[0.47813252],
         [0.06926567],
         [0.54443908]],

        [[0.13353192],
         [0.78807885],
         [0.52879027]],

        [[0.5918983 ],
         [0.50551536],
         [0.52881878]],

        [[0.44735629],
         [0.62491637],
         [0.34374808]],

        [[0.25566974],
         [0.86560854],
         [0.35202946]],

        [[0.51494765],
         [0.77021399],
         [0.83243573]],

        [[0.58184997],
         [0.72865835],
         [0.61786054]],

        [[0.52157613],
         [0.56843694],
         [0.36712224]],

        [[0.60382949],
         [0.62616576],
         [0.40648354]],

        [[0.54051631],
         [0.38944135],
         [0.8245842 ]],

        [[0.45910661],
         [0.52136594],
         [0.75190984]]],


       [[[0.411415  ],
         [0.54232176],
         [0.88263877]],

        [[0.48383429],
         [0.39732186],
         [0.05515446]],

        [[0.13987368],
         [0.52939776],
         [0.44158934]],

        [[0.61750004],
         [0.60302769],
         [0.78275143]],

        [[0.46198948],
         [0.89334479],
         [0.8055951 ]],

        [[0.49602522],
         [0.47052357],
         [0.60449673]],

        [[0.54709847],
         [0.87679238],
         [0.36426518]],

        [[0.41320131],
         [0.74593109],
         [0.55081485]],

        [[0.4549451 ],
         [0.51025749],
         [0.78223356]],

        [[0.22484178],
         [0.8578925 ],
         [0.38230033]],

        [[0.86303153],
         [0.41351218],
         [0.55109941]],

        [[0.65612136],
         [0.56685479],
         [0.72437272]],

        [[0.62674701],
         [0.76150543],
         [0.86426719]]],


       [[[0.57635429],
         [0.686612  ],
         [0.80435324]],

        [[0.21640911],
         [0.51480575],
         [0.51305895]],

        [[0.19257511],
         [0.76378279],
         [0.70003868]],

        [[0.38584181],
         [0.47600347],
         [0.75014289]],

        [[0.48134439],
         [0.68524372],
         [0.66133122]],

        [[0.33259764],
         [0.84071127],
         [0.35876878]],

        [[0.33775463],
         [0.42334398],
         [0.739892  ]],

        [[0.63356919],
         [0.10734702],
         [0.44474752]],

        [[0.5285692 ],
         [0.438546  ],
         [0.89413139]],

        [[0.51627308],
         [0.56872271],
         [0.39036376]],

        [[0.80860946],
         [0.67092052],
         [0.65480466]],

        [[0.48845821],
         [0.61994425],
         [0.10714314]],

        [[0.75932849],
         [0.53997516],
         [0.54609635]]]]), array([[[[0.56739016],
         [0.88809651],
         [0.58774731]],

        [[0.67976048],
         [0.52931328],
         [0.68144145]],

        [[0.76269637],
         [0.51718513],
         [0.56043052]],

        ...,

        [[0.25389738],
         [0.13211016],
         [0.32049582]],

        [[0.81966885],
         [0.7679027 ],
         [0.79350872]],

        [[0.45882022],
         [0.48814164],
         [0.47332742]]],


       [[[0.52767832],
         [0.42515804],
         [0.28448114]],

        [[0.13688681],
         [0.61609145],
         [0.62770028]],

        [[0.84726901],
         [0.54472153],
         [0.32632214]],

        ...,

        [[0.16882856],
         [0.72567191],
         [0.64159277]],

        [[0.36941435],
         [0.78488386],
         [0.20384   ]],

        [[0.6703931 ],
         [0.24725983],
         [0.45952823]]],


       [[[0.58766971],
         [0.28596193],
         [0.64936731]],

        [[0.89752268],
         [0.65406199],
         [0.54311417]],

        [[0.61289278],
         [0.25341779],
         [0.31863919]],

        ...,

        [[0.60581832],
         [0.50882702],
         [0.32683033]],

        [[0.87505473],
         [0.39447256],
         [0.64991161]],

        [[0.40179358],
         [0.41932145],
         [0.69640432]]],


       ...,


       [[[0.68022173],
         [0.21125359],
         [0.7172056 ]],

        [[0.22217447],
         [0.6357072 ],
         [0.74576814]],

        [[0.9294571 ],
         [0.68506009],
         [0.72875208]],

        ...,

        [[0.3989866 ],
         [0.20951877],
         [0.39084814]],

        [[0.45339292],
         [0.30965545],
         [0.88167447]],

        [[0.55244264],
         [0.24280216],
         [0.37057682]]],


       [[[0.53680083],
         [0.81489098],
         [0.36757518]],

        [[0.31153635],
         [0.25122759],
         [0.55271442]],

        [[0.49476673],
         [0.42053784],
         [0.57862306]],

        ...,

        [[0.16773548],
         [0.59896728],
         [0.42616921]],

        [[0.59526941],
         [0.18182252],
         [0.57249773]],

        [[0.32134918],
         [0.44395539],
         [0.39943529]]],


       [[[0.29279171],
         [0.37474959],
         [0.17528503]],

        [[0.58560945],
         [0.39855698],
         [0.23196744]],

        [[0.53298339],
         [0.57009441],
         [0.45854085]],

        ...,

        [[0.52158814],
         [0.32477088],
         [0.64907171]],

        [[0.57573355],
         [0.61599231],
         [0.07309647]],

        [[0.58788139],
         [0.3982885 ],
         [0.56051201]]]]), array([[[[0.73336558],
         [0.57887604],
         [0.59277021]],

        [[0.47218714],
         [0.60207426],
         [0.79966233]],

        [[0.94009515],
         [0.29438913],
         [0.63372291]],

        ...,

        [[0.66939435],
         [0.80449493],
         [0.77571855]],

        [[0.34498336],
         [0.60891722],
         [0.31167013]],

        [[0.58874075],
         [0.2463792 ],
         [0.25016188]]],


       [[[0.65523714],
         [0.74095785],
         [0.30620751]],

        [[0.47168521],
         [0.52356782],
         [0.47962789]],

        [[0.15164662],
         [0.45006431],
         [0.37668058]],

        ...,

        [[0.53199214],
         [0.26600733],
         [0.84688659]],

        [[0.61977383],
         [0.47887303],
         [0.56140747]],

        [[0.54324281],
         [0.37136097],
         [0.43210586]]],


       [[[0.79321948],
         [0.57059229],
         [0.37420169]],

        [[0.37948189],
         [0.51860636],
         [0.67939562]],

        [[0.63482735],
         [0.55362723],
         [0.29945771]],

        ...,

        [[0.39038915],
         [0.23658219],
         [0.15466147]],

        [[0.56549736],
         [0.47846616],
         [0.49061876]],

        [[0.11990155],
         [0.6545329 ],
         [0.79597894]]],


       ...,


       [[[0.23449158],
         [0.40544653],
         [0.68558705]],

        [[0.28391565],
         [0.38542894],
         [0.64179091]],

        [[0.13419735],
         [0.73287801],
         [0.15477079]],

        ...,

        [[0.19946817],
         [0.41178716],
         [0.7110464 ]],

        [[0.26989203],
         [0.82736358],
         [0.21993937]],

        [[0.68727142],
         [0.81453824],
         [0.5754519 ]]],


       [[[0.12619779],
         [0.26416816],
         [0.62556471]],

        [[0.34934753],
         [0.83281288],
         [0.23258127]],

        [[0.43692506],
         [0.52784731],
         [0.71473183]],

        ...,

        [[0.80806062],
         [0.41263753],
         [0.36727402]],

        [[0.56369004],
         [0.22522112],
         [0.76032013]],

        [[0.17997322],
         [0.75662654],
         [0.79393293]]],


       [[[0.32914208],
         [0.3121706 ],
         [0.15075171]],

        [[0.20549968],
         [0.55845049],
         [0.27048726]],

        [[0.77525336],
         [0.42259202],
         [0.15139227]],

        ...,

        [[0.24141212],
         [0.45968962],
         [0.13249739]],

        [[0.04126804],
         [0.32739123],
         [0.24108188]],

        [[0.19774838],
         [0.69947049],
         [0.36158221]]]])]
Box class probabilities: [array([[[[0.27343225, 0.72113296, 0.46223277, ..., 0.6143566 ,
          0.177082  , 0.81581579],
         [0.40054928, 0.77249355, 0.55188134, ..., 0.17584277,
          0.76638851, 0.57857896],
         [0.66409448, 0.30929663, 0.33413323, ..., 0.53542882,
          0.42083943, 0.66630914]],

        [[0.23346302, 0.37594014, 0.35518744, ..., 0.61086139,
          0.3353667 , 0.84017769],
         [0.43036662, 0.40982387, 0.53909599, ..., 0.10962248,
          0.53089108, 0.46751907],
         [0.38536313, 0.19514707, 0.70452998, ..., 0.17253485,
          0.23520364, 0.78607523]],

        [[0.54384186, 0.62215149, 0.74038531, ..., 0.44533413,
          0.25274288, 0.58704918],
         [0.17502427, 0.60284149, 0.28001877, ..., 0.73439192,
          0.80580571, 0.59774706],
         [0.05548523, 0.8925245 , 0.16646669, ..., 0.6732894 ,
          0.50615272, 0.67260343]],

        ...,

        [[0.5841965 , 0.70329064, 0.3567042 , ..., 0.5757427 ,
          0.73578308, 0.56084949],
         [0.63431854, 0.6446085 , 0.6094149 , ..., 0.37591897,
          0.69260655, 0.6332702 ],
         [0.45640513, 0.6637262 , 0.10311362, ..., 0.48747576,
          0.60626375, 0.64036175]],

        [[0.68648658, 0.87004312, 0.37169796, ..., 0.52286453,
          0.74143488, 0.36275936],
         [0.81978364, 0.83262218, 0.55183053, ..., 0.45580399,
          0.40623444, 0.54968476],
         [0.40656641, 0.70117285, 0.10450718, ..., 0.68212213,
          0.2480438 , 0.5480057 ]],

        [[0.71016122, 0.439879  , 0.53958   , ..., 0.63575078,
          0.14979092, 0.40690276],
         [0.36175218, 0.35636882, 0.74698406, ..., 0.70876137,
          0.53446318, 0.76934217],
         [0.52804745, 0.59685414, 0.34197923, ..., 0.15633847,
          0.52933502, 0.49126288]]],


       [[[0.56806423, 0.20975904, 0.75749118, ..., 0.40246083,
          0.30453824, 0.52238998],
         [0.66719338, 0.5014847 , 0.25943632, ..., 0.74038809,
          0.49154406, 0.53171336],
         [0.43095889, 0.79636729, 0.59245848, ..., 0.19636267,
          0.31328958, 0.4575717 ]],

        [[0.36629664, 0.67387312, 0.93479108, ..., 0.89858485,
          0.60815185, 0.41795272],
         [0.22398254, 0.49307583, 0.54365542, ..., 0.66377123,
          0.74368773, 0.58835124],
         [0.81933748, 0.57986155, 0.20184635, ..., 0.81843098,
          0.35536614, 0.52973265]],

        [[0.35804057, 0.20901032, 0.53895666, ..., 0.804492  ,
          0.63872725, 0.67733494],
         [0.16170536, 0.56042568, 0.40111181, ..., 0.5163206 ,
          0.31571971, 0.59747331],
         [0.64870441, 0.86338571, 0.56736072, ..., 0.29951383,
          0.27251501, 0.20374056]],

        ...,

        [[0.29523296, 0.78955071, 0.54525221, ..., 0.49539206,
          0.2591473 , 0.56344775],
         [0.48711812, 0.55135076, 0.34829844, ..., 0.88239513,
          0.27217908, 0.49004135],
         [0.6989846 , 0.49928867, 0.51432589, ..., 0.84446594,
          0.62978342, 0.58709494]],

        [[0.9067562 , 0.62199176, 0.32041724, ..., 0.81667498,
          0.34185167, 0.5621448 ],
         [0.12475237, 0.41556869, 0.41225438, ..., 0.62041349,
          0.548408  , 0.48061604],
         [0.51272561, 0.91034719, 0.84179956, ..., 0.55054387,
          0.39763833, 0.23176382]],

        [[0.07041321, 0.42849416, 0.18936355, ..., 0.6805142 ,
          0.27234283, 0.71317385],
         [0.8350055 , 0.25194498, 0.07397758, ..., 0.67743945,
          0.08273447, 0.677551  ],
         [0.17984414, 0.77631805, 0.60885033, ..., 0.47454322,
          0.74757976, 0.45188378]]],


       [[[0.4387792 , 0.42670901, 0.75072677, ..., 0.53741661,
          0.8444221 , 0.77630957],
         [0.2929673 , 0.33700062, 0.51793081, ..., 0.52046947,
          0.37847051, 0.65477617],
         [0.80764568, 0.42395396, 0.59095402, ..., 0.61886449,
          0.5605365 , 0.19298883]],

        [[0.62950245, 0.39540821, 0.35417291, ..., 0.3742271 ,
          0.45989688, 0.64303824],
         [0.32814173, 0.81982901, 0.41022033, ..., 0.39662041,
          0.60580545, 0.25667401],
         [0.28027725, 0.83238079, 0.55912601, ..., 0.8168778 ,
          0.44486804, 0.6245479 ]],

        [[0.64825051, 0.53107778, 0.14610664, ..., 0.9329556 ,
          0.2944531 , 0.61364246],
         [0.58956157, 0.14333602, 0.75459743, ..., 0.74171066,
          0.80264292, 0.41573287],
         [0.37353627, 0.79985012, 0.38046837, ..., 0.69441645,
          0.26746994, 0.33899122]],

        ...,

        [[0.69326467, 0.25494339, 0.69813417, ..., 0.47280436,
          0.38749221, 0.84436414],
         [0.54001319, 0.41094898, 0.4381364 , ..., 0.33220769,
          0.86626266, 0.51340402],
         [0.62515393, 0.49767266, 0.12880043, ..., 0.87598562,
          0.62931574, 0.65547808]],

        [[0.89775596, 0.21255267, 0.63591245, ..., 0.6450407 ,
          0.2311688 , 0.38479238],
         [0.85566648, 0.85843125, 0.63187603, ..., 0.52400231,
          0.46453206, 0.64870138],
         [0.63346694, 0.17566732, 0.18087013, ..., 0.55285763,
          0.48285607, 0.44365019]],

        [[0.56898801, 0.40931446, 0.53066913, ..., 0.68717155,
          0.67685505, 0.28882829],
         [0.29845578, 0.27034977, 0.70226101, ..., 0.18856167,
          0.18216607, 0.29587148],
         [0.20341407, 0.18982048, 0.73722657, ..., 0.37896139,
          0.14183241, 0.44910125]]],


       ...,


       [[[0.74259727, 0.45202365, 0.31088413, ..., 0.57666684,
          0.55200669, 0.72277699],
         [0.2772466 , 0.66130934, 0.81181338, ..., 0.29513472,
          0.50840438, 0.46418911],
         [0.27963096, 0.84918576, 0.50728771, ..., 0.78499745,
          0.46050673, 0.40610011]],

        [[0.41712709, 0.44816816, 0.39388722, ..., 0.51906128,
          0.75525836, 0.04520943],
         [0.41043108, 0.84874439, 0.4539207 , ..., 0.3094732 ,
          0.42692698, 0.68698257],
         [0.6153576 , 0.42992893, 0.13380796, ..., 0.16853765,
          0.76748322, 0.80036545]],

        [[0.64366487, 0.41756907, 0.33999408, ..., 0.5714009 ,
          0.383507  , 0.55646044],
         [0.70297679, 0.22683579, 0.22695257, ..., 0.59658731,
          0.69425546, 0.49531121],
         [0.40499507, 0.55442936, 0.73347149, ..., 0.56909394,
          0.1220138 , 0.31620949]],

        ...,

        [[0.55949408, 0.29837618, 0.62655885, ..., 0.89129398,
          0.25377236, 0.73803211],
         [0.77754396, 0.64239977, 0.63441084, ..., 0.65935761,
          0.65766522, 0.2360529 ],
         [0.57172439, 0.69535611, 0.84738137, ..., 0.71325469,
          0.38142658, 0.97094906]],

        [[0.70189513, 0.60517978, 0.41842806, ..., 0.53644946,
          0.40450563, 0.70309333],
         [0.54270988, 0.3593309 , 0.6722734 , ..., 0.56482946,
          0.59059673, 0.22957138],
         [0.50620355, 0.33167357, 0.65320599, ..., 0.82087853,
          0.20690233, 0.61999723]],

        [[0.64982958, 0.30358578, 0.47571964, ..., 0.49827842,
          0.6634141 , 0.74900429],
         [0.25788421, 0.58210629, 0.32906875, ..., 0.56709302,
          0.5139769 , 0.26245482],
         [0.83899303, 0.56829487, 0.24233436, ..., 0.19272272,
          0.56185203, 0.22670121]]],


       [[[0.41974444, 0.68639497, 0.45213203, ..., 0.78485311,
          0.44418721, 0.63537343],
         [0.40677083, 0.46090748, 0.30569304, ..., 0.46872063,
          0.623936  , 0.48266542],
         [0.3428698 , 0.85843483, 0.19703667, ..., 0.46815314,
          0.2148691 , 0.60991349]],

        [[0.52655448, 0.31449456, 0.78906526, ..., 0.19487036,
          0.56775763, 0.50810455],
         [0.307733  , 0.43338459, 0.68931689, ..., 0.51814254,
          0.69117628, 0.41817994],
         [0.51177552, 0.08225413, 0.39417033, ..., 0.42536446,
          0.74408092, 0.75118143]],

        [[0.91981656, 0.37046646, 0.45868523, ..., 0.33880441,
          0.44922717, 0.44224509],
         [0.60222138, 0.3943464 , 0.10765492, ..., 0.65095113,
          0.19292321, 0.71122224],
         [0.88059242, 0.26764753, 0.52972611, ..., 0.4408723 ,
          0.65012366, 0.5728287 ]],

        ...,

        [[0.6858804 , 0.5007732 , 0.17463728, ..., 0.26751654,
          0.70281602, 0.62096811],
         [0.59983897, 0.41782905, 0.54387234, ..., 0.32345129,
          0.22082114, 0.59267212],
         [0.14396599, 0.89678284, 0.65257253, ..., 0.21070313,
          0.68062922, 0.12810322]],

        [[0.07490765, 0.45257235, 0.20614543, ..., 0.29030519,
          0.55595028, 0.2672979 ],
         [0.35501787, 0.27040616, 0.3659957 , ..., 0.52087307,
          0.4103266 , 0.55291755],
         [0.2863736 , 0.60093843, 0.09112952, ..., 0.71218685,
          0.34162431, 0.62121697]],

        [[0.11889011, 0.6173806 , 0.42288117, ..., 0.60110553,
          0.53974455, 0.16810926],
         [0.67896557, 0.29979802, 0.35056835, ..., 0.71868377,
          0.27663105, 0.51093614],
         [0.27373383, 0.45734395, 0.40720954, ..., 0.80086936,
          0.38632761, 0.49377417]]],


       [[[0.56747169, 0.16348684, 0.24757254, ..., 0.18261601,
          0.37288368, 0.29825653],
         [0.38367799, 0.56574464, 0.68098195, ..., 0.41286085,
          0.80030715, 0.63934422],
         [0.18146607, 0.51106257, 0.35903734, ..., 0.50099578,
          0.2494978 , 0.48243258]],

        [[0.63759673, 0.64037798, 0.65882453, ..., 0.2969286 ,
          0.71529452, 0.40411428],
         [0.43708139, 0.12955868, 0.49339757, ..., 0.31548528,
          0.46923163, 0.68482311],
         [0.54616188, 0.35681151, 0.13222501, ..., 0.61007087,
          0.56940426, 0.7051277 ]],

        [[0.10897668, 0.60469012, 0.72447431, ..., 0.19517251,
          0.6427676 , 0.75486526],
         [0.74090199, 0.58354924, 0.14289183, ..., 0.8689332 ,
          0.2888005 , 0.40736303],
         [0.56557974, 0.6054986 , 0.37845441, ..., 0.48793803,
          0.63142312, 0.7465506 ]],

        ...,

        [[0.69154444, 0.13329369, 0.52958015, ..., 0.26740361,
          0.61248935, 0.73464266],
         [0.10276135, 0.31701857, 0.27989749, ..., 0.75979335,
          0.27697771, 0.85057539],
         [0.76218874, 0.29028905, 0.53372212, ..., 0.83812216,
          0.62879012, 0.56879073]],

        [[0.21666519, 0.6730901 , 0.05943811, ..., 0.37666828,
          0.51431104, 0.30046604],
         [0.84174632, 0.37536022, 0.27507338, ..., 0.67217747,
          0.25738146, 0.46707945],
         [0.83025762, 0.389816  , 0.53078978, ..., 0.62586261,
          0.38566692, 0.36872594]],

        [[0.48321664, 0.22789979, 0.6691948 , ..., 0.53945861,
          0.30098012, 0.72069712],
         [0.45435778, 0.68714784, 0.60871616, ..., 0.51156461,
          0.14100029, 0.38924579],
         [0.14533179, 0.91481357, 0.46558833, ..., 0.29158615,
          0.26098354, 0.6078719 ]]]]), array([[[[0.16748018, 0.74425493, 0.77271059, ..., 0.82238314,
          0.45290514, 0.35835817],
         [0.35157962, 0.88467242, 0.18324688, ..., 0.63359015,
          0.40203054, 0.48139226],
         [0.45924026, 0.81674653, 0.68472278, ..., 0.45661086,
          0.13878263, 0.58812507]],

        [[0.5693588 , 0.62834816, 0.58348426, ..., 0.86584489,
          0.86456807, 0.25178237],
         [0.47924644, 0.43526277, 0.71106533, ..., 0.18873406,
          0.65881709, 0.29296545],
         [0.56126298, 0.50125588, 0.32137793, ..., 0.22230558,
          0.22254205, 0.16418068]],

        [[0.88143626, 0.68347409, 0.27230414, ..., 0.36883941,
          0.32365717, 0.47574097],
         [0.40709352, 0.30157224, 0.72203895, ..., 0.23544739,
          0.78369554, 0.06115864],
         [0.83005519, 0.77377776, 0.71995925, ..., 0.72845355,
          0.45195555, 0.37173878]],

        ...,

        [[0.49357944, 0.59772796, 0.60654195, ..., 0.49571344,
          0.53707272, 0.46305613],
         [0.31028824, 0.84366029, 0.12053327, ..., 0.73657726,
          0.25289665, 0.53027328],
         [0.60262996, 0.25211712, 0.63238157, ..., 0.71368343,
          0.20441662, 0.63196629]],

        [[0.30929224, 0.81307994, 0.67248763, ..., 0.36437194,
          0.08400081, 0.23148984],
         [0.73586891, 0.57070715, 0.52402603, ..., 0.38821756,
          0.13491499, 0.43297532],
         [0.74700993, 0.7545179 , 0.73742118, ..., 0.1170481 ,
          0.33388277, 0.69717957]],

        [[0.52708902, 0.62592176, 0.32523189, ..., 0.7469391 ,
          0.08770729, 0.70601653],
         [0.08014897, 0.23120662, 0.42865806, ..., 0.59552657,
          0.8023986 , 0.27238818],
         [0.55058589, 0.73513236, 0.27444579, ..., 0.39006163,
          0.42194119, 0.35819838]]],


       [[[0.48123377, 0.84058855, 0.54689444, ..., 0.54807641,
          0.2230437 , 0.43504302],
         [0.33821721, 0.12295295, 0.18599287, ..., 0.68599134,
          0.27592401, 0.30015826],
         [0.48967221, 0.67540506, 0.3976981 , ..., 0.64255016,
          0.3706297 , 0.66490527]],

        [[0.74735247, 0.68949225, 0.16529605, ..., 0.80491998,
          0.49650872, 0.50352418],
         [0.1618029 , 0.87306702, 0.48648155, ..., 0.60169101,
          0.81891272, 0.54033724],
         [0.35264954, 0.18541904, 0.73332064, ..., 0.88426187,
          0.70516249, 0.77130722]],

        [[0.69740343, 0.4155837 , 0.19438685, ..., 0.64137741,
          0.80192053, 0.68545771],
         [0.56808168, 0.85260033, 0.69068085, ..., 0.61085458,
          0.26907576, 0.12469419],
         [0.63317294, 0.49510633, 0.33448352, ..., 0.33439859,
          0.74823305, 0.4892138 ]],

        ...,

        [[0.39275674, 0.38653376, 0.08561935, ..., 0.74100448,
          0.74524625, 0.43399934],
         [0.6791413 , 0.8447019 , 0.63385532, ..., 0.66355735,
          0.60733052, 0.74983399],
         [0.46203646, 0.24618556, 0.43841297, ..., 0.48159707,
          0.76008765, 0.26885306]],

        [[0.20596756, 0.63870254, 0.59146106, ..., 0.11265363,
          0.20838567, 0.64207579],
         [0.33172521, 0.70017901, 0.66578038, ..., 0.62109647,
          0.52562098, 0.28170263],
         [0.09610728, 0.18593032, 0.68782071, ..., 0.21159727,
          0.69665878, 0.51499451]],

        [[0.47912308, 0.64615052, 0.47011565, ..., 0.49457045,
          0.74353844, 0.54997582],
         [0.78327682, 0.51735481, 0.75570265, ..., 0.57791158,
          0.69987357, 0.38223142],
         [0.73343932, 0.66533826, 0.39537844, ..., 0.30786675,
          0.88881654, 0.70180911]]],


       [[[0.36125478, 0.57404848, 0.68716448, ..., 0.53308735,
          0.32759212, 0.59970691],
         [0.43834524, 0.45702209, 0.15364643, ..., 0.7708147 ,
          0.85922989, 0.7804789 ],
         [0.75030915, 0.23994907, 0.17068304, ..., 0.91894233,
          0.48251208, 0.3630542 ]],

        [[0.06831378, 0.49469889, 0.59904927, ..., 0.26600491,
          0.62915808, 0.5550842 ],
         [0.45960695, 0.35761806, 0.93354075, ..., 0.17072157,
          0.8226026 , 0.68218681],
         [0.34920075, 0.76382178, 0.64511853, ..., 0.48416993,
          0.34220085, 0.68818016]],

        [[0.37555636, 0.08154855, 0.28499049, ..., 0.23864643,
          0.23797125, 0.49194699],
         [0.76853758, 0.45733973, 0.26210965, ..., 0.39331964,
          0.44214087, 0.31945245],
         [0.09178777, 0.16110099, 0.27584476, ..., 0.48454615,
          0.23292947, 0.18909516]],

        ...,

        [[0.48846179, 0.38111094, 0.5019965 , ..., 0.4516812 ,
          0.12587762, 0.50788573],
         [0.47528493, 0.4254341 , 0.54654742, ..., 0.36999043,
          0.35375239, 0.68829328],
         [0.55453165, 0.86577362, 0.44980912, ..., 0.39143148,
          0.62269946, 0.3679371 ]],

        [[0.57730966, 0.52830072, 0.51909588, ..., 0.61560127,
          0.87410314, 0.68717538],
         [0.20512087, 0.59180493, 0.27562855, ..., 0.31751414,
          0.49043231, 0.72413846],
         [0.52038948, 0.39971312, 0.39149144, ..., 0.40010246,
          0.653746  , 0.1815438 ]],

        [[0.28403169, 0.26613441, 0.39163358, ..., 0.23351036,
          0.74790522, 0.37006155],
         [0.5821782 , 0.73692001, 0.64020726, ..., 0.35025717,
          0.31488896, 0.78019299],
         [0.19763707, 0.49890562, 0.32134448, ..., 0.74793204,
          0.60443321, 0.40781288]]],


       ...,


       [[[0.64243555, 0.38276239, 0.46706298, ..., 0.52075998,
          0.3635151 , 0.93043367],
         [0.71026707, 0.45357229, 0.68646259, ..., 0.42787803,
          0.88972432, 0.54020863],
         [0.71440574, 0.56711352, 0.11413409, ..., 0.28282142,
          0.49904472, 0.49932064]],

        [[0.26591899, 0.89872772, 0.15864624, ..., 0.62596562,
          0.35949395, 0.83052904],
         [0.59965879, 0.51686522, 0.37667249, ..., 0.11623535,
          0.3354692 , 0.35873282],
         [0.34914438, 0.41767045, 0.32043113, ..., 0.38273452,
          0.12064063, 0.20797951]],

        [[0.26400344, 0.0211409 , 0.13586942, ..., 0.42250752,
          0.29430013, 0.3275287 ],
         [0.36961787, 0.26636107, 0.4205522 , ..., 0.41380764,
          0.34002936, 0.51891337],
         [0.7321183 , 0.44255724, 0.21496314, ..., 0.05578965,
          0.3574395 , 0.64407921]],

        ...,

        [[0.68787331, 0.21993294, 0.60650364, ..., 0.26740483,
          0.66481118, 0.10157812],
         [0.37722784, 0.49438216, 0.81810661, ..., 0.32734755,
          0.49400578, 0.32853067],
         [0.22588714, 0.58970552, 0.44723591, ..., 0.72624558,
          0.26748846, 0.52212264]],

        [[0.42776884, 0.48546619, 0.35234875, ..., 0.70029787,
          0.4475099 , 0.60449949],
         [0.73707966, 0.58338253, 0.3653679 , ..., 0.42643813,
          0.49152591, 0.34830355],
         [0.52757953, 0.43635132, 0.11333125, ..., 0.46708587,
          0.70129524, 0.75213753]],

        [[0.59398133, 0.70375443, 0.13919592, ..., 0.55196196,
          0.31197736, 0.21506553],
         [0.744055  , 0.43312029, 0.60754802, ..., 0.20263654,
          0.41689866, 0.80860066],
         [0.71214091, 0.73429332, 0.76559103, ..., 0.47220028,
          0.21358066, 0.30927688]]],


       [[[0.50071834, 0.8561463 , 0.2033732 , ..., 0.64898315,
          0.30098419, 0.56842636],
         [0.80430721, 0.85453712, 0.42753492, ..., 0.17290734,
          0.23590944, 0.39701219],
         [0.59791526, 0.53875267, 0.14342312, ..., 0.81977551,
          0.61773138, 0.25650151]],

        [[0.102702  , 0.09938609, 0.13229213, ..., 0.44848654,
          0.18999522, 0.34591321],
         [0.42403338, 0.45622807, 0.29005923, ..., 0.08819812,
          0.29319875, 0.52748434],
         [0.43326386, 0.4211798 , 0.67088009, ..., 0.52129126,
          0.53561524, 0.44169743]],

        [[0.13681387, 0.42864811, 0.34563756, ..., 0.67862364,
          0.71901481, 0.14599081],
         [0.45531471, 0.56236154, 0.40448908, ..., 0.69183234,
          0.58319767, 0.42709438],
         [0.87536468, 0.46012894, 0.14652762, ..., 0.27343533,
          0.82663434, 0.29560942]],

        ...,

        [[0.45234064, 0.23907301, 0.72013253, ..., 0.60973531,
          0.72573736, 0.66057822],
         [0.43681346, 0.65459581, 0.25712444, ..., 0.27442406,
          0.19602501, 0.2987608 ],
         [0.5095175 , 0.48675705, 0.51611749, ..., 0.43380173,
          0.18995939, 0.80387808]],

        [[0.13702403, 0.41482911, 0.74576884, ..., 0.21425861,
          0.92724569, 0.26134233],
         [0.15743844, 0.87583674, 0.48839566, ..., 0.55635952,
          0.18726257, 0.51144651],
         [0.67621747, 0.38445255, 0.38153475, ..., 0.23899679,
          0.13395727, 0.43627163]],

        [[0.2939319 , 0.58265811, 0.44637633, ..., 0.20616756,
          0.18693422, 0.59326532],
         [0.76458714, 0.80715738, 0.28639837, ..., 0.61990667,
          0.14738567, 0.12338259],
         [0.89087916, 0.63860063, 0.55195151, ..., 0.76637627,
          0.73674255, 0.49472743]]],


       [[[0.78474772, 0.15492064, 0.54314722, ..., 0.28094477,
          0.46154326, 0.91816581],
         [0.53003982, 0.25110167, 0.78350951, ..., 0.66710168,
          0.19786693, 0.44177027],
         [0.56205203, 0.21390459, 0.50538334, ..., 0.68065864,
          0.5650499 , 0.19651846]],

        [[0.53802807, 0.53023475, 0.36334088, ..., 0.7063904 ,
          0.42478156, 0.55997353],
         [0.44862366, 0.37628196, 0.25974356, ..., 0.86973348,
          0.42345192, 0.53463364],
         [0.27738221, 0.18691496, 0.41373992, ..., 0.11246932,
          0.22078022, 0.59423838]],

        [[0.56944163, 0.78852834, 0.33407789, ..., 0.35220782,
          0.32803039, 0.76600875],
         [0.57911833, 0.76187016, 0.81351096, ..., 0.41187508,
          0.64238175, 0.68926842],
         [0.30302288, 0.54383158, 0.5174631 , ..., 0.6769584 ,
          0.77112953, 0.62741562]],

        ...,

        [[0.68673994, 0.4593807 , 0.36608894, ..., 0.49821809,
          0.48195913, 0.32932618],
         [0.4009116 , 0.47515962, 0.22528129, ..., 0.34887067,
          0.22543029, 0.83885918],
         [0.57972648, 0.74869647, 0.83489892, ..., 0.27392033,
          0.72791547, 0.57508067]],

        [[0.30595079, 0.30042485, 0.30640278, ..., 0.69433444,
          0.14461014, 0.61322623],
         [0.77681473, 0.56441556, 0.67005257, ..., 0.28288835,
          0.32719887, 0.23397552],
         [0.43921976, 0.67224331, 0.60602749, ..., 0.08456107,
          0.66373164, 0.38558224]],

        [[0.34600385, 0.2430844 , 0.82184407, ..., 0.64286074,
          0.2806551 , 0.10224861],
         [0.89692404, 0.22950708, 0.46779974, ..., 0.6787069 ,
          0.25042145, 0.63684789],
         [0.36853257, 0.67040213, 0.4840967 , ..., 0.4530742 ,
          0.20817072, 0.59335632]]]]), array([[[[0.5651767 , 0.5976206 , 0.38176215, ..., 0.27546563,
          0.31863509, 0.31522224],
         [0.34311079, 0.35702272, 0.52498233, ..., 0.67677487,
          0.13292343, 0.79922556],
         [0.31009487, 0.12745849, 0.45797284, ..., 0.20871353,
          0.60219055, 0.29796099]],

        [[0.6240588 , 0.44951703, 0.76769824, ..., 0.41465116,
          0.42610483, 0.44862104],
         [0.56385199, 0.14256011, 0.20042676, ..., 0.63432481,
          0.56472902, 0.67120775],
         [0.24839927, 0.1837275 , 0.17980375, ..., 0.40447351,
          0.94474111, 0.71065823]],

        [[0.31329237, 0.43667976, 0.48956959, ..., 0.22087837,
          0.18877438, 0.87322442],
         [0.52152658, 0.83240194, 0.62440539, ..., 0.89003729,
          0.3405839 , 0.17819496],
         [0.74924517, 0.68216773, 0.36948401, ..., 0.33011779,
          0.74205891, 0.75176977]],

        ...,

        [[0.40414258, 0.44067781, 0.62846588, ..., 0.60388061,
          0.44283045, 0.5766634 ],
         [0.64277977, 0.78435696, 0.24349626, ..., 0.55072549,
          0.57306419, 0.87491067],
         [0.601115  , 0.84830591, 0.59721911, ..., 0.56095003,
          0.325877  , 0.58491857]],

        [[0.66347116, 0.25665485, 0.66111202, ..., 0.31534203,
          0.45646593, 0.39731862],
         [0.30588223, 0.81120683, 0.47971203, ..., 0.85802966,
          0.45424361, 0.49313096],
         [0.2983944 , 0.35258865, 0.56505862, ..., 0.3672358 ,
          0.52439588, 0.29108139]],

        [[0.69624742, 0.78351806, 0.5140359 , ..., 0.23319674,
          0.17364929, 0.4800209 ],
         [0.09705191, 0.03806175, 0.32232786, ..., 0.3813659 ,
          0.84204454, 0.41027812],
         [0.37670193, 0.6586478 , 0.5323562 , ..., 0.72836749,
          0.80924413, 0.40160718]]],


       [[[0.44156287, 0.81362222, 0.4421552 , ..., 0.3206885 ,
          0.71606402, 0.57503326],
         [0.82982687, 0.43830913, 0.46218041, ..., 0.49246631,
          0.28149136, 0.49500599],
         [0.397605  , 0.49558685, 0.28108649, ..., 0.88578418,
          0.94971854, 0.521321  ]],

        [[0.3539288 , 0.62538832, 0.23360193, ..., 0.74759958,
          0.37932937, 0.32551314],
         [0.61407587, 0.18860626, 0.58189609, ..., 0.32637937,
          0.32977845, 0.17864234],
         [0.29733565, 0.6472301 , 0.63045448, ..., 0.10216854,
          0.78705644, 0.27066662]],

        [[0.42662004, 0.42329013, 0.31364816, ..., 0.36645637,
          0.45739037, 0.40296327],
         [0.47553133, 0.79125188, 0.78344772, ..., 0.77993978,
          0.36050714, 0.54733823],
         [0.5244316 , 0.30932354, 0.47011643, ..., 0.73491191,
          0.45507137, 0.34037787]],

        ...,

        [[0.66444076, 0.41207332, 0.90800242, ..., 0.4891513 ,
          0.33037292, 0.44546539],
         [0.3962746 , 0.18570609, 0.42323305, ..., 0.43256141,
          0.28342493, 0.31669539],
         [0.53570074, 0.23160898, 0.46006729, ..., 0.89484457,
          0.24046182, 0.49452181]],

        [[0.72895343, 0.48858356, 0.73121004, ..., 0.65843274,
          0.37238648, 0.53157372],
         [0.3349053 , 0.3906326 , 0.29430939, ..., 0.10932849,
          0.67150648, 0.47316585],
         [0.30709165, 0.17043906, 0.33232664, ..., 0.81835803,
          0.8798096 , 0.17504124]],

        [[0.5858859 , 0.55806211, 0.29078472, ..., 0.65359754,
          0.36636066, 0.62114928],
         [0.56326528, 0.44705732, 0.15794358, ..., 0.60516922,
          0.74402485, 0.29635297],
         [0.80172901, 0.144416  , 0.61746432, ..., 0.65058324,
          0.35724816, 0.678555  ]]],


       [[[0.50070677, 0.50758832, 0.70719488, ..., 0.62153327,
          0.4231005 , 0.45203044],
         [0.68370186, 0.48365386, 0.55331227, ..., 0.47452052,
          0.17617582, 0.30706579],
         [0.52689318, 0.24546808, 0.35213589, ..., 0.39370186,
          0.39534193, 0.4228774 ]],

        [[0.26888368, 0.6791004 , 0.32132613, ..., 0.4235786 ,
          0.32594239, 0.32786597],
         [0.65652418, 0.28847211, 0.53081757, ..., 0.82596165,
          0.40993339, 0.69626169],
         [0.33725833, 0.25709725, 0.54631591, ..., 0.48511624,
          0.47277258, 0.58565589]],

        [[0.84129113, 0.68531756, 0.39949315, ..., 0.37878037,
          0.30981096, 0.59142548],
         [0.87959313, 0.89856491, 0.46208004, ..., 0.61509037,
          0.65052165, 0.64276195],
         [0.30726161, 0.58012371, 0.24442452, ..., 0.72301219,
          0.58018774, 0.65865703]],

        ...,

        [[0.18731529, 0.45345374, 0.498069  , ..., 0.81658863,
          0.22322489, 0.22032674],
         [0.86016649, 0.66128223, 0.66761758, ..., 0.72095209,
          0.57226138, 0.58532191],
         [0.238243  , 0.13023194, 0.34277725, ..., 0.55368091,
          0.74096799, 0.40207884]],

        [[0.79617042, 0.59979623, 0.63592191, ..., 0.37600225,
          0.20189086, 0.29973435],
         [0.34032197, 0.79294225, 0.88214855, ..., 0.58943515,
          0.37280662, 0.34034582],
         [0.42758707, 0.76707955, 0.53916403, ..., 0.24118569,
          0.44247166, 0.43335484]],

        [[0.60823816, 0.69762697, 0.26668559, ..., 0.55364181,
          0.45071387, 0.50740862],
         [0.36833694, 0.1170243 , 0.59035825, ..., 0.35524132,
          0.43740405, 0.81579232],
         [0.7351839 , 0.35217158, 0.81755748, ..., 0.80444942,
          0.45280231, 0.32337849]]],


       ...,


       [[[0.7283011 , 0.67550792, 0.66324682, ..., 0.34567523,
          0.23982923, 0.21465354],
         [0.51057503, 0.65870177, 0.50564892, ..., 0.37729358,
          0.20814758, 0.18862497],
         [0.61311237, 0.48466477, 0.4862096 , ..., 0.51930549,
          0.7208146 , 0.84314895]],

        [[0.5490329 , 0.92246333, 0.5021746 , ..., 0.54518676,
          0.73193021, 0.44644448],
         [0.46628713, 0.67742692, 0.49104422, ..., 0.33751682,
          0.39530945, 0.26092641],
         [0.39533469, 0.87877992, 0.31605172, ..., 0.35030749,
          0.64950267, 0.71961425]],

        [[0.74041754, 0.67291015, 0.68347782, ..., 0.28428988,
          0.42903723, 0.83517174],
         [0.26116558, 0.29085211, 0.59299292, ..., 0.38296221,
          0.57331008, 0.5545515 ],
         [0.18695994, 0.18769295, 0.28679665, ..., 0.78286971,
          0.80320862, 0.33116417]],

        ...,

        [[0.83975909, 0.54989229, 0.81990691, ..., 0.51794236,
          0.36116912, 0.66728221],
         [0.1514455 , 0.68424406, 0.35530275, ..., 0.71292696,
          0.80508918, 0.69588008],
         [0.38989825, 0.17853561, 0.28904627, ..., 0.76372664,
          0.71046706, 0.66786349]],

        [[0.46781634, 0.60120114, 0.34576146, ..., 0.80197079,
          0.7465763 , 0.54033165],
         [0.43290467, 0.65205794, 0.63192069, ..., 0.28294527,
          0.21371596, 0.42909504],
         [0.46024197, 0.55665097, 0.20395331, ..., 0.68316504,
          0.57442336, 0.73585764]],

        [[0.28456143, 0.42237734, 0.38918173, ..., 0.55763564,
          0.50837081, 0.16957461],
         [0.42738328, 0.85238331, 0.37766889, ..., 0.3324078 ,
          0.39132849, 0.63171744],
         [0.79012926, 0.56346507, 0.63183849, ..., 0.10779362,
          0.86577123, 0.96502692]]],


       [[[0.74493872, 0.51936079, 0.38186248, ..., 0.53810944,
          0.2753966 , 0.81963684],
         [0.90084284, 0.17086661, 0.33019983, ..., 0.57555497,
          0.32065231, 0.27548265],
         [0.28974733, 0.48936129, 0.48614053, ..., 0.92441902,
          0.83178764, 0.71664116]],

        [[0.16332462, 0.42429349, 0.91813819, ..., 0.96066586,
          0.73136536, 0.8542816 ],
         [0.33399121, 0.32568157, 0.24266313, ..., 0.20012576,
          0.31972086, 0.43548593],
         [0.65234011, 0.44938531, 0.48233221, ..., 0.71824104,
          0.75727359, 0.30248748]],

        [[0.70239703, 0.19444535, 0.17872747, ..., 0.30884016,
          0.87501867, 0.51942153],
         [0.45302592, 0.80910936, 0.47089227, ..., 0.43890953,
          0.75215647, 0.47530028],
         [0.64945847, 0.22288006, 0.25421134, ..., 0.76989449,
          0.17230959, 0.29595207]],

        ...,

        [[0.61543026, 0.37637324, 0.43109427, ..., 0.59290389,
          0.73407745, 0.36844986],
         [0.24598581, 0.4483805 , 0.37108902, ..., 0.13887817,
          0.88623861, 0.61656364],
         [0.59094567, 0.44016825, 0.36719458, ..., 0.62656753,
          0.26338831, 0.6922607 ]],

        [[0.24251622, 0.75640741, 0.56183411, ..., 0.60998558,
          0.61589944, 0.35698733],
         [0.7048336 , 0.49703453, 0.46441237, ..., 0.80712604,
          0.55611568, 0.60207389],
         [0.32086384, 0.46599089, 0.69165665, ..., 0.66689809,
          0.75149806, 0.72388014]],

        [[0.52556085, 0.20634288, 0.36363694, ..., 0.3751331 ,
          0.66660947, 0.41024831],
         [0.38967553, 0.60349004, 0.56977391, ..., 0.70779975,
          0.78642661, 0.6465776 ],
         [0.0760634 , 0.14171094, 0.42371955, ..., 0.74754324,
          0.22013426, 0.32404336]]],


       [[[0.21315328, 0.46726248, 0.59943582, ..., 0.69653723,
          0.17392452, 0.17146215],
         [0.39329541, 0.29695353, 0.48927949, ..., 0.80958973,
          0.26675169, 0.54560624],
         [0.44730104, 0.79355393, 0.55353642, ..., 0.73303511,
          0.40302706, 0.54956136]],

        [[0.45780894, 0.66545697, 0.28320208, ..., 0.53815164,
          0.25805   , 0.61555586],
         [0.33103879, 0.48449913, 0.40308932, ..., 0.36082998,
          0.36125079, 0.76152172],
         [0.05661277, 0.86290545, 0.64720389, ..., 0.42092761,
          0.61929375, 0.44710404]],

        [[0.1590536 , 0.44266379, 0.76218639, ..., 0.68583291,
          0.36110819, 0.90314159],
         [0.76078432, 0.30610916, 0.88236606, ..., 0.14420529,
          0.31138738, 0.40826853],
         [0.51115274, 0.42773787, 0.87243677, ..., 0.46651281,
          0.34872578, 0.46011099]],

        ...,

        [[0.40839175, 0.58711627, 0.49513148, ..., 0.69198628,
          0.30621618, 0.35882529],
         [0.58331598, 0.70017543, 0.34185838, ..., 0.54252135,
          0.25574126, 0.55103223],
         [0.23472422, 0.20493078, 0.68963771, ..., 0.50535967,
          0.85021815, 0.12571174]],

        [[0.69376356, 0.40299946, 0.24990721, ..., 0.31357549,
          0.32637641, 0.34414937],
         [0.36177247, 0.23165225, 0.3635784 , ..., 0.3112511 ,
          0.28221789, 0.48086643],
         [0.60937842, 0.14576553, 0.24088705, ..., 0.67055037,
          0.50998567, 0.20829492]],

        [[0.24181667, 0.17739203, 0.77300902, ..., 0.59600114,
          0.3446732 , 0.75570862],
         [0.53289017, 0.31652626, 0.11990411, ..., 0.45424862,
          0.2372848 , 0.26196449],
         [0.40272803, 0.24201719, 0.80157031, ..., 0.2338579 ,
          0.18169015, 0.36450041]]]])]
